The following was hacked by lunar_bloom
207447951
207412689
207412641
207413903
207412952
206821918
207153090
207149431
206820629
207323359
207044853
206834395
207050369
207417210
207139683
206798613
207036040
207361453
206805267
206911324
207130711
206804950
206833216
207410803
206916076
207046689
206912042
207348067
206802053
206897617
206835591
206845786
207417522
206831830
207145017
207036149
206802315
206862464
207348763
206896457
207109281
207018216
206896229
207329463
207329044
207445389
207329384
207116979
207410277
